
Step 0: Initial state
=================
| 6 13  7 10|
| 8  9 11  _|
|15  2 12  5|
|14  3  1  4|
=================

Step 1: down
=================
| 6 13  7 10|
| 8  9 11  5|
|15  2 12  _|
|14  3  1  4|
=================

Step 2: left
=================
| 6 13  7 10|
| 8  9 11  5|
|15  2  _ 12|
|14  3  1  4|
=================

Step 3: up
=================
| 6 13  7 10|
| 8  9  _  5|
|15  2 11 12|
|14  3  1  4|
=================

Step 4: right
=================
| 6 13  7 10|
| 8  9  5  _|
|15  2 11 12|
|14  3  1  4|
=================

Step 5: up
=================
| 6 13  7  _|
| 8  9  5 10|
|15  2 11 12|
|14  3  1  4|
=================

Step 6: left
=================
| 6 13  _  7|
| 8  9  5 10|
|15  2 11 12|
|14  3  1  4|
=================

Step 7: down
=================
| 6 13  5  7|
| 8  9  _ 10|
|15  2 11 12|
|14  3  1  4|
=================

Step 8: right
=================
| 6 13  5  7|
| 8  9 10  _|
|15  2 11 12|
|14  3  1  4|
=================

Step 9: down
=================
| 6 13  5  7|
| 8  9 10 12|
|15  2 11  _|
|14  3  1  4|
=================

Step 10: down
=================
| 6 13  5  7|
| 8  9 10 12|
|15  2 11  4|
|14  3  1  _|
=================

Step 11: left
=================
| 6 13  5  7|
| 8  9 10 12|
|15  2 11  4|
|14  3  _  1|
=================

Step 12: left
=================
| 6 13  5  7|
| 8  9 10 12|
|15  2 11  4|
|14  _  3  1|
=================

Step 13: up
=================
| 6 13  5  7|
| 8  9 10 12|
|15  _ 11  4|
|14  2  3  1|
=================

Step 14: up
=================
| 6 13  5  7|
| 8  _ 10 12|
|15  9 11  4|
|14  2  3  1|
=================

Step 15: left
=================
| 6 13  5  7|
| _  8 10 12|
|15  9 11  4|
|14  2  3  1|
=================

Step 16: up
=================
| _ 13  5  7|
| 6  8 10 12|
|15  9 11  4|
|14  2  3  1|
=================

Step 17: right
=================
|13  _  5  7|
| 6  8 10 12|
|15  9 11  4|
|14  2  3  1|
=================

Step 18: right
=================
|13  5  _  7|
| 6  8 10 12|
|15  9 11  4|
|14  2  3  1|
=================

Step 19: right
=================
|13  5  7  _|
| 6  8 10 12|
|15  9 11  4|
|14  2  3  1|
=================

Step 20: down
=================
|13  5  7 12|
| 6  8 10  _|
|15  9 11  4|
|14  2  3  1|
=================

Step 21: down
=================
|13  5  7 12|
| 6  8 10  4|
|15  9 11  _|
|14  2  3  1|
=================

Step 22: left
=================
|13  5  7 12|
| 6  8 10  4|
|15  9  _ 11|
|14  2  3  1|
=================

Step 23: up
=================
|13  5  7 12|
| 6  8  _  4|
|15  9 10 11|
|14  2  3  1|
=================

Step 24: left
=================
|13  5  7 12|
| 6  _  8  4|
|15  9 10 11|
|14  2  3  1|
=================

Step 25: left
=================
|13  5  7 12|
| _  6  8  4|
|15  9 10 11|
|14  2  3  1|
=================

Step 26: up
=================
| _  5  7 12|
|13  6  8  4|
|15  9 10 11|
|14  2  3  1|
=================

Step 27: right
=================
| 5  _  7 12|
|13  6  8  4|
|15  9 10 11|
|14  2  3  1|
=================

Step 28: down
=================
| 5  6  7 12|
|13  _  8  4|
|15  9 10 11|
|14  2  3  1|
=================

Step 29: down
=================
| 5  6  7 12|
|13  9  8  4|
|15  _ 10 11|
|14  2  3  1|
=================

Step 30: left
=================
| 5  6  7 12|
|13  9  8  4|
| _ 15 10 11|
|14  2  3  1|
=================

Step 31: up
=================
| 5  6  7 12|
| _  9  8  4|
|13 15 10 11|
|14  2  3  1|
=================

Step 32: right
=================
| 5  6  7 12|
| 9  _  8  4|
|13 15 10 11|
|14  2  3  1|
=================

Step 33: down
=================
| 5  6  7 12|
| 9 15  8  4|
|13  _ 10 11|
|14  2  3  1|
=================

Step 34: down
=================
| 5  6  7 12|
| 9 15  8  4|
|13  2 10 11|
|14  _  3  1|
=================

Step 35: left
=================
| 5  6  7 12|
| 9 15  8  4|
|13  2 10 11|
| _ 14  3  1|
=================

Step 36: up
=================
| 5  6  7 12|
| 9 15  8  4|
| _  2 10 11|
|13 14  3  1|
=================

Step 37: up
=================
| 5  6  7 12|
| _ 15  8  4|
| 9  2 10 11|
|13 14  3  1|
=================

Step 38: right
=================
| 5  6  7 12|
|15  _  8  4|
| 9  2 10 11|
|13 14  3  1|
=================

Step 39: down
=================
| 5  6  7 12|
|15  2  8  4|
| 9  _ 10 11|
|13 14  3  1|
=================

Step 40: right
=================
| 5  6  7 12|
|15  2  8  4|
| 9 10  _ 11|
|13 14  3  1|
=================

Step 41: down
=================
| 5  6  7 12|
|15  2  8  4|
| 9 10  3 11|
|13 14  _  1|
=================

Step 42: right
=================
| 5  6  7 12|
|15  2  8  4|
| 9 10  3 11|
|13 14  1  _|
=================

Step 43: up
=================
| 5  6  7 12|
|15  2  8  4|
| 9 10  3  _|
|13 14  1 11|
=================

Step 44: up
=================
| 5  6  7 12|
|15  2  8  _|
| 9 10  3  4|
|13 14  1 11|
=================

Step 45: left
=================
| 5  6  7 12|
|15  2  _  8|
| 9 10  3  4|
|13 14  1 11|
=================

Step 46: down
=================
| 5  6  7 12|
|15  2  3  8|
| 9 10  _  4|
|13 14  1 11|
=================

Step 47: down
=================
| 5  6  7 12|
|15  2  3  8|
| 9 10  1  4|
|13 14  _ 11|
=================

Step 48: right
=================
| 5  6  7 12|
|15  2  3  8|
| 9 10  1  4|
|13 14 11  _|
=================

Step 49: up
=================
| 5  6  7 12|
|15  2  3  8|
| 9 10  1  _|
|13 14 11  4|
=================

Step 50: up
=================
| 5  6  7 12|
|15  2  3  _|
| 9 10  1  8|
|13 14 11  4|
=================

Step 51: up
=================
| 5  6  7  _|
|15  2  3 12|
| 9 10  1  8|
|13 14 11  4|
=================

Step 52: left
=================
| 5  6  _  7|
|15  2  3 12|
| 9 10  1  8|
|13 14 11  4|
=================

Step 53: down
=================
| 5  6  3  7|
|15  2  _ 12|
| 9 10  1  8|
|13 14 11  4|
=================

Step 54: down
=================
| 5  6  3  7|
|15  2  1 12|
| 9 10  _  8|
|13 14 11  4|
=================

Step 55: right
=================
| 5  6  3  7|
|15  2  1 12|
| 9 10  8  _|
|13 14 11  4|
=================

Step 56: up
=================
| 5  6  3  7|
|15  2  1  _|
| 9 10  8 12|
|13 14 11  4|
=================

Step 57: up
=================
| 5  6  3  _|
|15  2  1  7|
| 9 10  8 12|
|13 14 11  4|
=================

Step 58: left
=================
| 5  6  _  3|
|15  2  1  7|
| 9 10  8 12|
|13 14 11  4|
=================

Step 59: down
=================
| 5  6  1  3|
|15  2  _  7|
| 9 10  8 12|
|13 14 11  4|
=================

Step 60: left
=================
| 5  6  1  3|
|15  _  2  7|
| 9 10  8 12|
|13 14 11  4|
=================

Step 61: up
=================
| 5  _  1  3|
|15  6  2  7|
| 9 10  8 12|
|13 14 11  4|
=================

Step 62: right
=================
| 5  1  _  3|
|15  6  2  7|
| 9 10  8 12|
|13 14 11  4|
=================

Step 63: down
=================
| 5  1  2  3|
|15  6  _  7|
| 9 10  8 12|
|13 14 11  4|
=================

Step 64: left
=================
| 5  1  2  3|
|15  _  6  7|
| 9 10  8 12|
|13 14 11  4|
=================

Step 65: left
=================
| 5  1  2  3|
| _ 15  6  7|
| 9 10  8 12|
|13 14 11  4|
=================

Step 66: up
=================
| _  1  2  3|
| 5 15  6  7|
| 9 10  8 12|
|13 14 11  4|
=================

Step 67: right
=================
| 1  _  2  3|
| 5 15  6  7|
| 9 10  8 12|
|13 14 11  4|
=================

Step 68: right
=================
| 1  2  _  3|
| 5 15  6  7|
| 9 10  8 12|
|13 14 11  4|
=================

Step 69: right
=================
| 1  2  3  _|
| 5 15  6  7|
| 9 10  8 12|
|13 14 11  4|
=================

Step 70: down
=================
| 1  2  3  7|
| 5 15  6  _|
| 9 10  8 12|
|13 14 11  4|
=================

Step 71: down
=================
| 1  2  3  7|
| 5 15  6 12|
| 9 10  8  _|
|13 14 11  4|
=================

Step 72: left
=================
| 1  2  3  7|
| 5 15  6 12|
| 9 10  _  8|
|13 14 11  4|
=================

Step 73: down
=================
| 1  2  3  7|
| 5 15  6 12|
| 9 10 11  8|
|13 14  _  4|
=================

Step 74: left
=================
| 1  2  3  7|
| 5 15  6 12|
| 9 10 11  8|
|13  _ 14  4|
=================

Step 75: up
=================
| 1  2  3  7|
| 5 15  6 12|
| 9  _ 11  8|
|13 10 14  4|
=================

Step 76: up
=================
| 1  2  3  7|
| 5  _  6 12|
| 9 15 11  8|
|13 10 14  4|
=================

Step 77: right
=================
| 1  2  3  7|
| 5  6  _ 12|
| 9 15 11  8|
|13 10 14  4|
=================

Step 78: down
=================
| 1  2  3  7|
| 5  6 11 12|
| 9 15  _  8|
|13 10 14  4|
=================

Step 79: left
=================
| 1  2  3  7|
| 5  6 11 12|
| 9  _ 15  8|
|13 10 14  4|
=================

Step 80: down
=================
| 1  2  3  7|
| 5  6 11 12|
| 9 10 15  8|
|13  _ 14  4|
=================

Step 81: right
=================
| 1  2  3  7|
| 5  6 11 12|
| 9 10 15  8|
|13 14  _  4|
=================

Step 82: up
=================
| 1  2  3  7|
| 5  6 11 12|
| 9 10  _  8|
|13 14 15  4|
=================

Step 83: up
=================
| 1  2  3  7|
| 5  6  _ 12|
| 9 10 11  8|
|13 14 15  4|
=================

Step 84: right
=================
| 1  2  3  7|
| 5  6 12  _|
| 9 10 11  8|
|13 14 15  4|
=================

Step 85: down
=================
| 1  2  3  7|
| 5  6 12  8|
| 9 10 11  _|
|13 14 15  4|
=================

Step 86: down
=================
| 1  2  3  7|
| 5  6 12  8|
| 9 10 11  4|
|13 14 15  _|
=================

Step 87: left
=================
| 1  2  3  7|
| 5  6 12  8|
| 9 10 11  4|
|13 14  _ 15|
=================

Step 88: up
=================
| 1  2  3  7|
| 5  6 12  8|
| 9 10  _  4|
|13 14 11 15|
=================

Step 89: up
=================
| 1  2  3  7|
| 5  6  _  8|
| 9 10 12  4|
|13 14 11 15|
=================

Step 90: right
=================
| 1  2  3  7|
| 5  6  8  _|
| 9 10 12  4|
|13 14 11 15|
=================

Step 91: down
=================
| 1  2  3  7|
| 5  6  8  4|
| 9 10 12  _|
|13 14 11 15|
=================

Step 92: left
=================
| 1  2  3  7|
| 5  6  8  4|
| 9 10  _ 12|
|13 14 11 15|
=================

Step 93: down
=================
| 1  2  3  7|
| 5  6  8  4|
| 9 10 11 12|
|13 14  _ 15|
=================

Step 94: right
=================
| 1  2  3  7|
| 5  6  8  4|
| 9 10 11 12|
|13 14 15  _|
=================

Step 95: up
=================
| 1  2  3  7|
| 5  6  8  4|
| 9 10 11  _|
|13 14 15 12|
=================

Step 96: up
=================
| 1  2  3  7|
| 5  6  8  _|
| 9 10 11  4|
|13 14 15 12|
=================

Step 97: left
=================
| 1  2  3  7|
| 5  6  _  8|
| 9 10 11  4|
|13 14 15 12|
=================

Step 98: up
=================
| 1  2  _  7|
| 5  6  3  8|
| 9 10 11  4|
|13 14 15 12|
=================

Step 99: right
=================
| 1  2  7  _|
| 5  6  3  8|
| 9 10 11  4|
|13 14 15 12|
=================

Step 100: down
=================
| 1  2  7  8|
| 5  6  3  _|
| 9 10 11  4|
|13 14 15 12|
=================

Step 101: down
=================
| 1  2  7  8|
| 5  6  3  4|
| 9 10 11  _|
|13 14 15 12|
=================

Step 102: down
=================
| 1  2  7  8|
| 5  6  3  4|
| 9 10 11 12|
|13 14 15  _|
=================

Step 103: left
=================
| 1  2  7  8|
| 5  6  3  4|
| 9 10 11 12|
|13 14  _ 15|
=================

Step 104: up
=================
| 1  2  7  8|
| 5  6  3  4|
| 9 10  _ 12|
|13 14 11 15|
=================

Step 105: up
=================
| 1  2  7  8|
| 5  6  _  4|
| 9 10  3 12|
|13 14 11 15|
=================

Step 106: right
=================
| 1  2  7  8|
| 5  6  4  _|
| 9 10  3 12|
|13 14 11 15|
=================

Step 107: up
=================
| 1  2  7  _|
| 5  6  4  8|
| 9 10  3 12|
|13 14 11 15|
=================

Step 108: left
=================
| 1  2  _  7|
| 5  6  4  8|
| 9 10  3 12|
|13 14 11 15|
=================

Step 109: down
=================
| 1  2  4  7|
| 5  6  _  8|
| 9 10  3 12|
|13 14 11 15|
=================

Step 110: down
=================
| 1  2  4  7|
| 5  6  3  8|
| 9 10  _ 12|
|13 14 11 15|
=================

Step 111: down
=================
| 1  2  4  7|
| 5  6  3  8|
| 9 10 11 12|
|13 14  _ 15|
=================

Step 112: right
=================
| 1  2  4  7|
| 5  6  3  8|
| 9 10 11 12|
|13 14 15  _|
=================

Step 113: up
=================
| 1  2  4  7|
| 5  6  3  8|
| 9 10 11  _|
|13 14 15 12|
=================

Step 114: up
=================
| 1  2  4  7|
| 5  6  3  _|
| 9 10 11  8|
|13 14 15 12|
=================

Step 115: up
=================
| 1  2  4  _|
| 5  6  3  7|
| 9 10 11  8|
|13 14 15 12|
=================

Step 116: left
=================
| 1  2  _  4|
| 5  6  3  7|
| 9 10 11  8|
|13 14 15 12|
=================

Step 117: down
=================
| 1  2  3  4|
| 5  6  _  7|
| 9 10 11  8|
|13 14 15 12|
=================

Step 118: right
=================
| 1  2  3  4|
| 5  6  7  _|
| 9 10 11  8|
|13 14 15 12|
=================

Step 119: down
=================
| 1  2  3  4|
| 5  6  7  8|
| 9 10 11  _|
|13 14 15 12|
=================

Step 120: down
=================
| 1  2  3  4|
| 5  6  7  8|
| 9 10 11 12|
|13 14 15  _|
=================
Total moves: 120
