
Step 0: Initial state
=================
|13  2 10  3|
| 1 12  8  4|
| 5  _  9  6|
|15 14 11  7|
=================

Step 1: right
=================
|13  2 10  3|
| 1 12  8  4|
| 5  9  _  6|
|15 14 11  7|
=================

Step 2: up
=================
|13  2 10  3|
| 1 12  _  4|
| 5  9  8  6|
|15 14 11  7|
=================

Step 3: up
=================
|13  2  _  3|
| 1 12 10  4|
| 5  9  8  6|
|15 14 11  7|
=================

Step 4: left
=================
|13  _  2  3|
| 1 12 10  4|
| 5  9  8  6|
|15 14 11  7|
=================

Step 5: left
=================
| _ 13  2  3|
| 1 12 10  4|
| 5  9  8  6|
|15 14 11  7|
=================

Step 6: down
=================
| 1 13  2  3|
| _ 12 10  4|
| 5  9  8  6|
|15 14 11  7|
=================

Step 7: down
=================
| 1 13  2  3|
| 5 12 10  4|
| _  9  8  6|
|15 14 11  7|
=================

Step 8: right
=================
| 1 13  2  3|
| 5 12 10  4|
| 9  _  8  6|
|15 14 11  7|
=================

Step 9: up
=================
| 1 13  2  3|
| 5  _ 10  4|
| 9 12  8  6|
|15 14 11  7|
=================

Step 10: up
=================
| 1  _  2  3|
| 5 13 10  4|
| 9 12  8  6|
|15 14 11  7|
=================

Step 11: right
=================
| 1  2  _  3|
| 5 13 10  4|
| 9 12  8  6|
|15 14 11  7|
=================

Step 12: right
=================
| 1  2  3  _|
| 5 13 10  4|
| 9 12  8  6|
|15 14 11  7|
=================

Step 13: down
=================
| 1  2  3  4|
| 5 13 10  _|
| 9 12  8  6|
|15 14 11  7|
=================

Step 14: down
=================
| 1  2  3  4|
| 5 13 10  6|
| 9 12  8  _|
|15 14 11  7|
=================

Step 15: left
=================
| 1  2  3  4|
| 5 13 10  6|
| 9 12  _  8|
|15 14 11  7|
=================

Step 16: left
=================
| 1  2  3  4|
| 5 13 10  6|
| 9  _ 12  8|
|15 14 11  7|
=================

Step 17: up
=================
| 1  2  3  4|
| 5  _ 10  6|
| 9 13 12  8|
|15 14 11  7|
=================

Step 18: left
=================
| 1  2  3  4|
| _  5 10  6|
| 9 13 12  8|
|15 14 11  7|
=================

Step 19: down
=================
| 1  2  3  4|
| 9  5 10  6|
| _ 13 12  8|
|15 14 11  7|
=================

Step 20: right
=================
| 1  2  3  4|
| 9  5 10  6|
|13  _ 12  8|
|15 14 11  7|
=================

Step 21: down
=================
| 1  2  3  4|
| 9  5 10  6|
|13 14 12  8|
|15  _ 11  7|
=================

Step 22: left
=================
| 1  2  3  4|
| 9  5 10  6|
|13 14 12  8|
| _ 15 11  7|
=================

Step 23: up
=================
| 1  2  3  4|
| 9  5 10  6|
| _ 14 12  8|
|13 15 11  7|
=================

Step 24: up
=================
| 1  2  3  4|
| _  5 10  6|
| 9 14 12  8|
|13 15 11  7|
=================

Step 25: right
=================
| 1  2  3  4|
| 5  _ 10  6|
| 9 14 12  8|
|13 15 11  7|
=================

Step 26: right
=================
| 1  2  3  4|
| 5 10  _  6|
| 9 14 12  8|
|13 15 11  7|
=================

Step 27: right
=================
| 1  2  3  4|
| 5 10  6  _|
| 9 14 12  8|
|13 15 11  7|
=================

Step 28: down
=================
| 1  2  3  4|
| 5 10  6  8|
| 9 14 12  _|
|13 15 11  7|
=================

Step 29: down
=================
| 1  2  3  4|
| 5 10  6  8|
| 9 14 12  7|
|13 15 11  _|
=================

Step 30: left
=================
| 1  2  3  4|
| 5 10  6  8|
| 9 14 12  7|
|13 15  _ 11|
=================

Step 31: up
=================
| 1  2  3  4|
| 5 10  6  8|
| 9 14  _  7|
|13 15 12 11|
=================

Step 32: right
=================
| 1  2  3  4|
| 5 10  6  8|
| 9 14  7  _|
|13 15 12 11|
=================

Step 33: down
=================
| 1  2  3  4|
| 5 10  6  8|
| 9 14  7 11|
|13 15 12  _|
=================

Step 34: left
=================
| 1  2  3  4|
| 5 10  6  8|
| 9 14  7 11|
|13 15  _ 12|
=================

Step 35: left
=================
| 1  2  3  4|
| 5 10  6  8|
| 9 14  7 11|
|13  _ 15 12|
=================

Step 36: up
=================
| 1  2  3  4|
| 5 10  6  8|
| 9  _  7 11|
|13 14 15 12|
=================

Step 37: up
=================
| 1  2  3  4|
| 5  _  6  8|
| 9 10  7 11|
|13 14 15 12|
=================

Step 38: right
=================
| 1  2  3  4|
| 5  6  _  8|
| 9 10  7 11|
|13 14 15 12|
=================

Step 39: down
=================
| 1  2  3  4|
| 5  6  7  8|
| 9 10  _ 11|
|13 14 15 12|
=================

Step 40: right
=================
| 1  2  3  4|
| 5  6  7  8|
| 9 10 11  _|
|13 14 15 12|
=================

Step 41: down
=================
| 1  2  3  4|
| 5  6  7  8|
| 9 10 11 12|
|13 14 15  _|
=================
Total moves: 41
